[
    {
        "timestamp": "2026-02-27T10:56:05.422934",
        "pdf_path": "/home/chidepnek/RoboAI/BIM/BIM2/backend/src/reg_3_opencv/test_2floor/S\u00c3_HK\u00c3_TASO 2.KRS.pdf",
        "ifc_path": "/home/chidepnek/RoboAI/BIM/BIM2/backend/src/reg_3_opencv/test_2floor/Asikainen.ifc",
        "ecc_affine_score": 0.01701516100906913,
        "ecc_affine_warp": [
            [
                1.0056049823760986,
                0.009978698566555977,
                -5.082852363586426
            ],
            [
                0.017791304737329483,
                0.9946973323822021,
                -16.180465698242188
            ]
        ],
        "ecc_euclidean_score": 0.017968732980653556,
        "ecc_euclidean_warp": [
            [
                1.0,
                1.1719460417225491e-05,
                -0.008672758005559444
            ],
            [
                -1.1719460417225491e-05,
                1.0,
                0.014615321531891823
            ]
        ],
        "metrics": {
            "type": "ifc_to_pdf_trimmed_chamfer",
            "trim_q": 90.0,
            "mean_px": 16.372140884399414,
            "median_px": 12.990799903869629,
            "p90_px": 38.34041213989258,
            "within_2px": 0.22450602587074445,
            "within_5px": 0.3109398394737488,
            "n_points": 226239,
            "n_used": 203705,
            "cutoff_px": 55.38999938964844
        },
        "A_pdf": [
            [
                2.0348837209302326,
                0.0,
                100.0
            ],
            [
                0.0,
                -2.989130434782609,
                1948.0000000000002
            ],
            [
                0.0,
                0.0,
                1.0
            ]
        ],
        "A_ifc": [
            [
                109.34919829036585,
                0.0,
                100.0
            ],
            [
                0.0,
                -112.32435053238652,
                1948.0
            ],
            [
                0.0,
                0.0,
                1.0
            ]
        ],
        "W_pix": [
            [
                1.0,
                1.1719460417225491e-05,
                -0.008672758005559444
            ],
            [
                -1.1719460417225491e-05,
                1.0,
                0.014615321531891823
            ],
            [
                0.0,
                0.0,
                1.0
            ]
        ],
        "T_pdf_to_ifc": [
            [
                0.018609041060610274,
                -3.203589633948436e-07,
                0.000129463691627739
            ],
            [
                2.1231139203624737e-07,
                0.02661159775787665,
                -0.0001196835363503394
            ],
            [
                0.0,
                0.0,
                1.0
            ]
        ],
        "T_ifc_to_pdf": [
            [
                53.737320295313474,
                0.000646907126060398,
                -0.006956954439480967
            ],
            [
                -0.0004287245501002952,
                37.577600900219096,
                0.004497475667562867
            ],
            [
                0.0,
                0.0,
                1.0
            ]
        ]
    },
    {
        "timestamp": "2026-02-27T12:27:05.475038",
        "pdf_path": "/home/chidepnek/RoboAI/BIM/BIM2/backend/src/reg_3_opencv/test_2floor/S\u00c3_HK\u00c3_TASO 1.KRS.pdf",
        "ifc_path": "/home/chidepnek/RoboAI/BIM/BIM2/backend/src/reg_3_opencv/test_2floor/Asikainen.ifc",
        "ecc_affine_score": 0.015122250262703085,
        "ecc_affine_warp": [
            [
                0.9756500124931335,
                -0.010142378509044647,
                27.146610260009766
            ],
            [
                -0.014869660139083862,
                1.0365289449691772,
                -18.90669059753418
            ]
        ],
        "ecc_euclidean_score": 0.019108035256530386,
        "ecc_euclidean_warp": [
            [
                1.0,
                -1.5046043699840084e-05,
                0.031361617147922516
            ],
            [
                1.5046043699840084e-05,
                1.0,
                -0.011515770107507706
            ]
        ],
        "metrics": {
            "type": "ifc_to_pdf_trimmed_chamfer",
            "trim_q": 90.0,
            "mean_px": 35.300018310546875,
            "median_px": 24.829999923706055,
            "p90_px": 88.81510925292969,
            "within_2px": 0.1902068227656852,
            "within_5px": 0.254877793119402,
            "n_points": 307059,
            "n_used": 276662,
            "cutoff_px": 122.24017333984375
        },
        "A_pdf": [
            [
                0.778222482490963,
                0.0,
                20.0
            ],
            [
                0.0,
                -1.0449195729359586,
                2027.9999999999998
            ],
            [
                0.0,
                0.0,
                1.0
            ]
        ],
        "A_ifc": [
            [
                118.81666134580877,
                0.0,
                20.0
            ],
            [
                0.0,
                -122.04940252653255,
                2028.0
            ],
            [
                0.0,
                0.0,
                1.0
            ]
        ],
        "W_pix": [
            [
                1.0,
                -1.5046043699840084e-05,
                0.031361617147922516
            ],
            [
                1.5046043699840084e-05,
                1.0,
                -0.011515770107507706
            ],
            [
                0.0,
                0.0,
                1.0
            ]
        ],
        "T_pdf_to_ifc": [
            [
                0.006549775710546127,
                1.3232071478136397e-07,
                7.1390705229384096e-06
            ],
            [
                -9.593795002160367e-08,
                0.008561447670412,
                9.188778479658561e-05
            ],
            [
                0.0,
                0.0,
                1.0
            ]
        ],
        "T_ifc_to_pdf": [
            [
                152.67698375739275,
                -0.0023596859315346036,
                -0.0010897549279604846
            ],
            [
                0.0017108691661793527,
                116.80267616767362,
                -0.010732751385376105
            ],
            [
                0.0,
                0.0,
                1.0
            ]
        ]
    },
    {
        "timestamp": "2026-03-02T14:55:49.593122",
        "pdf_path": "/home/chidepnek/RoboAI/BIM/BIM2/backend/src/reg_3_opencv/test_2floor/S\u00c3_HK\u00c3_TASO 2.KRS.pdf",
        "ifc_path": "/home/chidepnek/RoboAI/BIM/BIM2/backend/src/reg_3_opencv/test_2floor/Asikainen.ifc",
        "ecc_affine_score": 0.10916253249759579,
        "ecc_affine_warp": [
            [
                1.0017081499099731,
                0.06705179065465927,
                -58.86477279663086
            ],
            [
                -0.061984121799468994,
                1.042590618133545,
                22.479637145996094
            ]
        ],
        "ecc_euclidean_score": 0.11349045592483362,
        "ecc_euclidean_warp": [
            [
                1.0,
                -9.10012204258237e-06,
                0.01862676814198494
            ],
            [
                9.10012204258237e-06,
                1.0,
                -0.0205610953271389
            ]
        ],
        "metrics": {
            "type": "ifc_to_pdf_trimmed_chamfer",
            "trim_q": 90.0,
            "mean_px": 12.579744338989258,
            "median_px": 7.639999866485596,
            "p90_px": 33.42500305175781,
            "within_2px": 0.3082971192021138,
            "within_5px": 0.4214912742642311,
            "n_points": 242640,
            "n_used": 218377,
            "cutoff_px": 59.37150192260742
        },
        "A_pdf": [
            [
                1.8940526001195457,
                0.0,
                10.0
            ],
            [
                0.0,
                -1.9951204155517077,
                2038.0
            ],
            [
                0.0,
                0.0,
                1.0
            ]
        ],
        "A_ifc": [
            [
                120.00009422773914,
                0.0,
                10.0
            ],
            [
                0.0,
                -123.26503402580079,
                2037.9999999999998
            ],
            [
                0.0,
                0.0,
                1.0
            ]
        ],
        "W_pix": [
            [
                1.0,
                -9.10012204258237e-06,
                0.01862676814198494
            ],
            [
                9.10012204258237e-06,
                1.0,
                -0.0205610953271389
            ],
            [
                0.0,
                0.0,
                1.0
            ]
        ],
        "T_pdf_to_ifc": [
            [
                0.015783759273763288,
                1.512985417887389e-07,
                6.726612984747539e-07
            ],
            [
                -1.3982967637481538e-07,
                0.0161856152583717,
                0.0001660656995588639
            ],
            [
                0.0,
                0.0,
                1.0
            ]
        ],
        "T_ifc_to_pdf": [
            [
                63.356262761777415,
                -0.0005922363787859765,
                -4.251895582729759e-05
            ],
            [
                0.0005473431548247701,
                61.78325531369325,
                -0.010260079882868922
            ],
            [
                0.0,
                0.0,
                1.0
            ]
        ]
    },
    {
        "timestamp": "2026-03-02T15:04:40.471221",
        "pdf_path": "/home/chidepnek/RoboAI/BIM/BIM2/backend/src/reg_3_opencv/test_2floor/S\u00c3_HK\u00c3_TASO 1.KRS.pdf",
        "ifc_path": "/home/chidepnek/RoboAI/BIM/BIM2/backend/src/reg_3_opencv/test_2floor/Asikainen.ifc",
        "ecc_affine_score": 0.06553714485365456,
        "ecc_affine_warp": [
            [
                1.0089918375015259,
                -0.0025641275569796562,
                -18.067338943481445
            ],
            [
                -0.010345550253987312,
                1.0435115098953247,
                -35.55091094970703
            ]
        ],
        "ecc_euclidean_score": 0.07213044983628705,
        "ecc_euclidean_warp": [
            [
                0.9999998807907104,
                0.0005016255890950561,
                -0.9507259130477905
            ],
            [
                -0.0005016255890950561,
                0.9999998807907104,
                0.5819796323776245
            ]
        ],
        "metrics": {
            "type": "ifc_to_pdf_trimmed_chamfer",
            "trim_q": 90.0,
            "mean_px": 30.640470504760742,
            "median_px": 15.279999732971191,
            "p90_px": 91.40616607666016,
            "within_2px": 0.24920919659851837,
            "within_5px": 0.32977939666150874,
            "n_points": 405532,
            "n_used": 365135,
            "cutoff_px": 137.52020263671875
        },
        "A_pdf": [
            [
                1.0159501162481384,
                0.0,
                10.0
            ],
            [
                0.0,
                -1.5210608424336973,
                2038.0
            ],
            [
                0.0,
                0.0,
                1.0
            ]
        ],
        "A_ifc": [
            [
                65.67154814146986,
                0.0,
                10.0
            ],
            [
                0.0,
                -106.12939264268768,
                2038.0
            ],
            [
                0.0,
                0.0,
                1.0
            ]
        ],
        "W_pix": [
            [
                0.9999998807907104,
                0.0005016255890950561,
                -0.9507259130477905
            ],
            [
                -0.0005016255890950561,
                0.9999998807907104,
                0.5819796323776245
            ],
            [
                0.0,
                0.0,
                1.0
            ]
        ],
        "T_pdf_to_ifc": [
            [
                0.015470169714118572,
                -1.1618471967366481e-05,
                0.001090058746305616
            ],
            [
                4.801936229579248e-06,
                0.014332133853155675,
                -0.005434125397251619
            ],
            [
                0.0,
                0.0,
                1.0
            ]
        ],
        "T_ifc_to_pdf": [
            [
                64.64051570547024,
                0.052401409823196486,
                -0.07017720367848135
            ],
            [
                -0.02165760084611822,
                69.77326325706831,
                0.3791802699715845
            ],
            [
                0.0,
                0.0,
                1.0
            ]
        ]
    },
    {
        "timestamp": "2026-03-02T15:05:49.607793",
        "pdf_path": "/home/chidepnek/RoboAI/BIM/BIM2/backend/src/reg_3_opencv/test_2floor/S\u00c3_HK\u00c3_TASO 2.KRS.pdf",
        "ifc_path": "/home/chidepnek/RoboAI/BIM/BIM2/backend/src/reg_3_opencv/test_2floor/Asikainen.ifc",
        "ecc_affine_score": 0.06512899929383119,
        "ecc_affine_warp": [
            [
                0.9977930188179016,
                -0.023031506687402725,
                28.657093048095703
            ],
            [
                -0.03574228286743164,
                1.0153082609176636,
                54.188812255859375
            ]
        ],
        "ecc_euclidean_score": 0.06868174671895551,
        "ecc_euclidean_warp": [
            [
                0.9999999403953552,
                0.0002913135685957968,
                -0.12308980524539948
            ],
            [
                -0.0002913135685957968,
                0.9999999403953552,
                0.7898691892623901
            ]
        ],
        "metrics": {
            "type": "ifc_to_pdf_trimmed_chamfer",
            "trim_q": 90.0,
            "mean_px": 24.659099578857422,
            "median_px": 15.567899703979492,
            "p90_px": 64.9400634765625,
            "within_2px": 0.21499604820918677,
            "within_5px": 0.3010892040268349,
            "n_points": 417481,
            "n_used": 375779,
            "cutoff_px": 104.09500122070312
        },
        "A_pdf": [
            [
                1.8940526001195457,
                0.0,
                10.0
            ],
            [
                0.0,
                -1.9951204155517077,
                2038.0
            ],
            [
                0.0,
                0.0,
                1.0
            ]
        ],
        "A_ifc": [
            [
                65.67154814146986,
                0.0,
                10.0
            ],
            [
                0.0,
                -106.12939264268768,
                2038.0
            ],
            [
                0.0,
                0.0,
                1.0
            ]
        ],
        "W_pix": [
            [
                0.9999999403953552,
                0.0002913135685957968,
                -0.12308980524539948
            ],
            [
                -0.0002913135685957968,
                0.9999999403953552,
                0.7898691892623901
            ],
            [
                0.0,
                0.0,
                1.0
            ]
        ],
        "T_pdf_to_ifc": [
            [
                0.028841294911230646,
                -8.850189533839859e-06,
                0.007166066048764424
            ],
            [
                5.19896711278305e-06,
                0.018798941998569216,
                -0.00741391766896783
            ],
            [
                0.0,
                0.0,
                1.0
            ]
        ],
        "T_ifc_to_pdf": [
            [
                34.67250406801281,
                0.016323165029079927,
                -0.24834443562581043
            ],
            [
                -0.009588901778682797,
                53.194478455889254,
                0.39444819841912704
            ],
            [
                0.0,
                0.0,
                1.0
            ]
        ]
    },
    {
        "timestamp": "2026-03-02T15:07:21.430936",
        "pdf_path": "/home/chidepnek/RoboAI/BIM/BIM2/backend/src/reg_3_opencv/test_2floor/S\u00c3_HK\u00c3_TASO 2.KRS.pdf",
        "ifc_path": "/home/chidepnek/RoboAI/BIM/BIM2/backend/src/reg_3_opencv/test_2floor/Asikainen.ifc",
        "ecc_affine_score": 0.10916253249759579,
        "ecc_affine_warp": [
            [
                1.0017081499099731,
                0.06705179065465927,
                -58.86477279663086
            ],
            [
                -0.061984121799468994,
                1.042590618133545,
                22.479637145996094
            ]
        ],
        "ecc_euclidean_score": 0.11349045592483362,
        "ecc_euclidean_warp": [
            [
                1.0,
                -9.10012204258237e-06,
                0.01862676814198494
            ],
            [
                9.10012204258237e-06,
                1.0,
                -0.0205610953271389
            ]
        ],
        "metrics": {
            "type": "ifc_to_pdf_trimmed_chamfer",
            "trim_q": 90.0,
            "mean_px": 12.579744338989258,
            "median_px": 7.639999866485596,
            "p90_px": 33.42500305175781,
            "within_2px": 0.3082971192021138,
            "within_5px": 0.4214912742642311,
            "n_points": 242640,
            "n_used": 218377,
            "cutoff_px": 59.37150192260742
        },
        "A_pdf": [
            [
                1.8940526001195457,
                0.0,
                10.0
            ],
            [
                0.0,
                -1.9951204155517077,
                2038.0
            ],
            [
                0.0,
                0.0,
                1.0
            ]
        ],
        "A_ifc": [
            [
                120.00009422773914,
                0.0,
                10.0
            ],
            [
                0.0,
                -123.26503402580079,
                2037.9999999999998
            ],
            [
                0.0,
                0.0,
                1.0
            ]
        ],
        "W_pix": [
            [
                1.0,
                -9.10012204258237e-06,
                0.01862676814198494
            ],
            [
                9.10012204258237e-06,
                1.0,
                -0.0205610953271389
            ],
            [
                0.0,
                0.0,
                1.0
            ]
        ],
        "T_pdf_to_ifc": [
            [
                0.015783759273763288,
                1.512985417887389e-07,
                6.726612984747539e-07
            ],
            [
                -1.3982967637481538e-07,
                0.0161856152583717,
                0.0001660656995588639
            ],
            [
                0.0,
                0.0,
                1.0
            ]
        ],
        "T_ifc_to_pdf": [
            [
                63.356262761777415,
                -0.0005922363787859765,
                -4.251895582729759e-05
            ],
            [
                0.0005473431548247701,
                61.78325531369325,
                -0.010260079882868922
            ],
            [
                0.0,
                0.0,
                1.0
            ]
        ]
    }
]