[
    {
        "timestamp": "2026-03-03T09:30:25.752801",
        "pdf_path": "/home/chidepnek/RoboAI/BIM/BIM2/backend/src/reg_3_opencv/test_2floor/S\u00c3_HK\u00c3_TASO 2.KRS.pdf",
        "ifc_path": "/home/chidepnek/RoboAI/BIM/BIM2/backend/src/reg_3_opencv/test_2floor/Asikainen.ifc",
        "ecc_affine_score": 0.10916190806781244,
        "ecc_affine_warp": [
            [
                1.0018426179885864,
                0.06698283553123474,
                -58.86146926879883
            ],
            [
                -0.06202195584774017,
                1.0426470041275024,
                22.407779693603516
            ]
        ],
        "ecc_euclidean_score": 0.11349871350972918,
        "ecc_euclidean_warp": [
            [
                1.0,
                -2.8573872441484127e-06,
                0.0031417866703122854
            ],
            [
                2.8573872441484127e-06,
                1.0,
                -0.0002041650004684925
            ]
        ],
        "metrics": {
            "type": "ifc_to_pdf_trimmed_chamfer",
            "trim_q": 90.0,
            "mean_px": 12.612105369567871,
            "median_px": 7.639999866485596,
            "p90_px": 33.42500305175781,
            "within_2px": 0.3085074160884618,
            "within_5px": 0.42127483096537294,
            "n_points": 238442,
            "n_used": 214601,
            "cutoff_px": 59.85601806640625
        },
        "A_pdf": [
            [
                1.8940526001195457,
                0.0,
                10.0
            ],
            [
                0.0,
                -1.9951204155517077,
                2038.0
            ],
            [
                0.0,
                0.0,
                1.0
            ]
        ],
        "A_ifc": [
            [
                120.00009422773914,
                0.0,
                10.0
            ],
            [
                0.0,
                -123.26503402580079,
                2037.9999999999998
            ],
            [
                0.0,
                0.0,
                1.0
            ]
        ],
        "W_pix": [
            [
                1.0,
                -2.8573872441484127e-06,
                0.0031417866703122854
            ],
            [
                2.8573872441484127e-06,
                1.0,
                -0.0002041650004684925
            ],
            [
                0.0,
                0.0,
                1.0
            ]
        ],
        "T_pdf_to_ifc": [
            [
                0.015783759273763284,
                4.7506892912253474e-08,
                -2.234638689677395e-05
            ],
            [
                -4.390573354480169e-08,
                0.016185615258371696,
                1.4245007051148022e-06
            ],
            [
                0.0,
                0.0,
                1.0
            ]
        ],
        "T_ifc_to_pdf": [
            [
                63.35626276650681,
                -0.00018595889884459225,
                0.0014157838250126176
            ],
            [
                0.00017186267849669207,
                61.78325531830522,
                -8.800645025530685e-05
            ],
            [
                0.0,
                0.0,
                1.0
            ]
        ]
    },
    {
        "timestamp": "2026-03-03T09:52:33.835513",
        "pdf_path": "/home/chidepnek/RoboAI/BIM/BIM2/backend/src/reg_3_opencv/test_2floor/S\u00c3_HK\u00c3_TASO 2.KRS.pdf",
        "ifc_path": "/home/chidepnek/RoboAI/BIM/BIM2/backend/src/reg_3_opencv/test_2floor/Asikainen.ifc",
        "ecc_affine_score": 0.046551751944461144,
        "ecc_affine_warp": [
            [
                0.965228796005249,
                0.004503003321588039,
                16.985319137573242
            ],
            [
                0.02382957749068737,
                1.0089855194091797,
                -38.07149124145508
            ]
        ],
        "ecc_euclidean_score": 0.04765015425986617,
        "ecc_euclidean_warp": [
            [
                1.0,
                4.7902503865770996e-06,
                0.0550835058093071
            ],
            [
                -4.7902503865770996e-06,
                1.0,
                -0.37333211302757263
            ]
        ],
        "metrics": {
            "type": "ifc_to_pdf_trimmed_chamfer",
            "trim_q": 90.0,
            "mean_px": 22.773059844970703,
            "median_px": 13.369999885559082,
            "p90_px": 58.25505065917969,
            "within_2px": 0.21626344012400792,
            "within_5px": 0.30263626354967166,
            "n_points": 202855,
            "n_used": 182569,
            "cutoff_px": 128.07777404785156
        },
        "A_pdf": [
            [
                1.8940526001195457,
                0.0,
                10.0
            ],
            [
                0.0,
                -1.9951204155517077,
                2038.0
            ],
            [
                0.0,
                0.0,
                1.0
            ]
        ],
        "A_ifc": [
            [
                120.00009422773914,
                0.0,
                10.0
            ],
            [
                0.0,
                -123.26503402580079,
                2037.9999999999998
            ],
            [
                0.0,
                0.0,
                1.0
            ]
        ],
        "W_pix": [
            [
                1.0,
                4.7902503865770996e-06,
                0.0550835058093071
            ],
            [
                -4.7902503865770996e-06,
                1.0,
                -0.37333211302757263
            ],
            [
                0.0,
                0.0,
                1.0
            ]
        ],
        "T_pdf_to_ifc": [
            [
                0.015783759273763288,
                -7.964265697764108e-08,
                0.0005403832098172133
            ],
            [
                7.360551409916405e-08,
                0.0161856152583717,
                0.003029082971355099
            ],
            [
                0.0,
                0.0,
                1.0
            ]
        ],
        "T_ifc_to_pdf": [
            [
                63.35626276557028,
                0.0003117497248190013,
                -0.034237604951064426
            ],
            [
                -0.0002881181974129458,
                61.78325531739194,
                -0.18714645090256
            ],
            [
                0.0,
                0.0,
                1.0
            ]
        ]
    }
]