[
    {
        "timestamp": "2026-03-03T09:30:25.752801",
        "pdf_path": "/home/chidepnek/RoboAI/BIM/BIM2/backend/src/reg_3_opencv/test_2floor/S\u00c3_HK\u00c3_TASO 2.KRS.pdf",
        "ifc_path": "/home/chidepnek/RoboAI/BIM/BIM2/backend/src/reg_3_opencv/test_2floor/Asikainen.ifc",
        "ecc_affine_score": 0.10916190806781244,
        "ecc_affine_warp": [
            [
                1.0018426179885864,
                0.06698283553123474,
                -58.86146926879883
            ],
            [
                -0.06202195584774017,
                1.0426470041275024,
                22.407779693603516
            ]
        ],
        "ecc_euclidean_score": 0.11349871350972918,
        "ecc_euclidean_warp": [
            [
                1.0,
                -2.8573872441484127e-06,
                0.0031417866703122854
            ],
            [
                2.8573872441484127e-06,
                1.0,
                -0.0002041650004684925
            ]
        ],
        "metrics": {
            "type": "ifc_to_pdf_trimmed_chamfer",
            "trim_q": 90.0,
            "mean_px": 12.612105369567871,
            "median_px": 7.639999866485596,
            "p90_px": 33.42500305175781,
            "within_2px": 0.3085074160884618,
            "within_5px": 0.42127483096537294,
            "n_points": 238442,
            "n_used": 214601,
            "cutoff_px": 59.85601806640625
        },
        "A_pdf": [
            [
                1.8940526001195457,
                0.0,
                10.0
            ],
            [
                0.0,
                -1.9951204155517077,
                2038.0
            ],
            [
                0.0,
                0.0,
                1.0
            ]
        ],
        "A_ifc": [
            [
                120.00009422773914,
                0.0,
                10.0
            ],
            [
                0.0,
                -123.26503402580079,
                2037.9999999999998
            ],
            [
                0.0,
                0.0,
                1.0
            ]
        ],
        "W_pix": [
            [
                1.0,
                -2.8573872441484127e-06,
                0.0031417866703122854
            ],
            [
                2.8573872441484127e-06,
                1.0,
                -0.0002041650004684925
            ],
            [
                0.0,
                0.0,
                1.0
            ]
        ],
        "T_pdf_to_ifc": [
            [
                0.015783759273763284,
                4.7506892912253474e-08,
                -2.234638689677395e-05
            ],
            [
                -4.390573354480169e-08,
                0.016185615258371696,
                1.4245007051148022e-06
            ],
            [
                0.0,
                0.0,
                1.0
            ]
        ],
        "T_ifc_to_pdf": [
            [
                63.35626276650681,
                -0.00018595889884459225,
                0.0014157838250126176
            ],
            [
                0.00017186267849669207,
                61.78325531830522,
                -8.800645025530685e-05
            ],
            [
                0.0,
                0.0,
                1.0
            ]
        ]
    },
    {
        "timestamp": "2026-03-03T09:52:33.835513",
        "pdf_path": "/home/chidepnek/RoboAI/BIM/BIM2/backend/src/reg_3_opencv/test_2floor/S\u00c3_HK\u00c3_TASO 2.KRS.pdf",
        "ifc_path": "/home/chidepnek/RoboAI/BIM/BIM2/backend/src/reg_3_opencv/test_2floor/Asikainen.ifc",
        "ecc_affine_score": 0.046551751944461144,
        "ecc_affine_warp": [
            [
                0.965228796005249,
                0.004503003321588039,
                16.985319137573242
            ],
            [
                0.02382957749068737,
                1.0089855194091797,
                -38.07149124145508
            ]
        ],
        "ecc_euclidean_score": 0.04765015425986617,
        "ecc_euclidean_warp": [
            [
                1.0,
                4.7902503865770996e-06,
                0.0550835058093071
            ],
            [
                -4.7902503865770996e-06,
                1.0,
                -0.37333211302757263
            ]
        ],
        "metrics": {
            "type": "ifc_to_pdf_trimmed_chamfer",
            "trim_q": 90.0,
            "mean_px": 22.773059844970703,
            "median_px": 13.369999885559082,
            "p90_px": 58.25505065917969,
            "within_2px": 0.21626344012400792,
            "within_5px": 0.30263626354967166,
            "n_points": 202855,
            "n_used": 182569,
            "cutoff_px": 128.07777404785156
        },
        "A_pdf": [
            [
                1.8940526001195457,
                0.0,
                10.0
            ],
            [
                0.0,
                -1.9951204155517077,
                2038.0
            ],
            [
                0.0,
                0.0,
                1.0
            ]
        ],
        "A_ifc": [
            [
                120.00009422773914,
                0.0,
                10.0
            ],
            [
                0.0,
                -123.26503402580079,
                2037.9999999999998
            ],
            [
                0.0,
                0.0,
                1.0
            ]
        ],
        "W_pix": [
            [
                1.0,
                4.7902503865770996e-06,
                0.0550835058093071
            ],
            [
                -4.7902503865770996e-06,
                1.0,
                -0.37333211302757263
            ],
            [
                0.0,
                0.0,
                1.0
            ]
        ],
        "T_pdf_to_ifc": [
            [
                0.015783759273763288,
                -7.964265697764108e-08,
                0.0005403832098172133
            ],
            [
                7.360551409916405e-08,
                0.0161856152583717,
                0.003029082971355099
            ],
            [
                0.0,
                0.0,
                1.0
            ]
        ],
        "T_ifc_to_pdf": [
            [
                63.35626276557028,
                0.0003117497248190013,
                -0.034237604951064426
            ],
            [
                -0.0002881181974129458,
                61.78325531739194,
                -0.18714645090256
            ],
            [
                0.0,
                0.0,
                1.0
            ]
        ]
    },
    {
        "timestamp": "2026-03-05T11:21:42.105326",
        "pdf_path": "/home/chidepnek/RoboAI/BIM/BIM2/backend/src/reg_3_opencv/test_2floor/S\u00c3_HK\u00c3_TASO 1.KRS.pdf",
        "ifc_path": "/home/chidepnek/RoboAI/BIM/BIM2/backend/src/reg_3_opencv/test_2floor/Asikainen.ifc",
        "config": {
            "out_size": 2048,
            "margin": 10
        },
        "ecc_affine_score": 0.47338818455995085,
        "ecc_affine_warp": [
            [
                1.0310531854629517,
                0.07280252128839493,
                -90.92985534667969
            ],
            [
                -0.16212433576583862,
                1.2112833261489868,
                -45.58612823486328
            ]
        ],
        "ecc_euclidean_score": 0.4827691087942689,
        "ecc_euclidean_warp": [
            [
                1.0,
                4.384174644656014e-06,
                -0.007501284126192331
            ],
            [
                -4.384174644656014e-06,
                1.0,
                0.007922274060547352
            ]
        ],
        "metrics": {
            "type": "ifc_to_pdf_trimmed_chamfer",
            "trim_q": 90.0,
            "mean_px": 2.0514845848083496,
            "median_px": 0.0,
            "p90_px": 7.387199878692627,
            "within_2px": 0.7581814037461694,
            "within_5px": 0.8538219683127766,
            "n_points": 307026,
            "n_used": 276389,
            "cutoff_px": 17.76580047607422
        },
        "A_pdf": [
            [
                1.118020640381053,
                0.0,
                10.0
            ],
            [
                0.0,
                -1.5411282913310016,
                2038.0
            ],
            [
                0.0,
                0.0,
                1.0
            ]
        ],
        "A_ifc": [
            [
                65.67154814146986,
                0.0,
                10.0
            ],
            [
                0.0,
                -106.12939264268768,
                2038.0
            ],
            [
                0.0,
                0.0,
                1.0
            ]
        ],
        "W_pdfPix_to_ifcPix": [
            [
                1.0310528662839837,
                0.07280704160562793,
                -90.93701280804711
            ],
            [
                -0.1621296462434846,
                1.2112826153675846,
                -45.57531597568221
            ],
            [
                0.0,
                0.0,
                1.0
            ]
        ],
        "T_ifcLocal_to_pdfLocal": [
            [
                56.4366153854528,
                5.48210418884541,
                -29.828330211604708
            ],
            [
                -5.480105755071922,
                56.32041714001525,
                208.27955234584806
            ],
            [
                0.0,
                0.0,
                1.0
            ]
        ],
        "T_ifcWorld_to_pdfPage": [
            [
                56.4366153854528,
                5.48210418884541,
                41968.05996010365
            ],
            [
                -5.480105755071922,
                56.32041714001525,
                -8505.5815099356
            ],
            [
                0.0,
                0.0,
                1.0
            ]
        ],
        "T_pdfPage_to_ifcWorld": [
            [
                0.017553086815409118,
                -0.0017085784453388267,
                -751.2014531869432
            ],
            [
                0.0017079556040442802,
                0.017589301708578194,
                77.92765618543596
            ],
            [
                0.0,
                0.0,
                1.0
            ]
        ],
        "pdf_meta": {
            "method": "vector",
            "page_width_pt": 2383.92,
            "page_height_pt": 1683.839,
            "bbox": [
                0.0,
                0.0,
                1813.92,
                1315.9189999999999
            ],
            "shift": [
                21.839,
                205.44000000000005
            ],
            "coord_system": {
                "units": "pt",
                "y_axis": "up"
            }
        },
        "ifc_meta": {
            "bbox": [
                0.0,
                0.0,
                30.880953128001124,
                19.108749701675876
            ],
            "shift": [
                -752.0485629032977,
                85.19104879307753
            ],
            "unit_name": "mm",
            "unit_scale_to_m": 0.001
        }
    },
    {
        "timestamp": "2026-03-05T11:25:12.994507",
        "pdf_path": "/home/chidepnek/RoboAI/BIM/BIM2/backend/src/reg_3_opencv/test_2floor/S\u00c3_HK\u00c3_TASO 1.KRS.pdf",
        "ifc_path": "/home/chidepnek/RoboAI/BIM/BIM2/backend/src/reg_3_opencv/test_2floor/Asikainen.ifc",
        "config": {
            "out_size": 2048,
            "margin": 10
        },
        "ecc_affine_score": 0.47338818455995085,
        "ecc_affine_warp": [
            [
                1.0310531854629517,
                0.07280252128839493,
                -90.92985534667969
            ],
            [
                -0.16212433576583862,
                1.2112833261489868,
                -45.58612823486328
            ]
        ],
        "ecc_euclidean_score": 0.4827691087942689,
        "ecc_euclidean_warp": [
            [
                1.0,
                4.384174644656014e-06,
                -0.007501284126192331
            ],
            [
                -4.384174644656014e-06,
                1.0,
                0.007922274060547352
            ]
        ],
        "metrics": {
            "type": "ifc_to_pdf_trimmed_chamfer",
            "trim_q": 90.0,
            "mean_px": 2.0514845848083496,
            "median_px": 0.0,
            "p90_px": 7.387199878692627,
            "within_2px": 0.7581814037461694,
            "within_5px": 0.8538219683127766,
            "n_points": 307026,
            "n_used": 276389,
            "cutoff_px": 17.76580047607422
        },
        "A_pdf": [
            [
                1.118020640381053,
                0.0,
                10.0
            ],
            [
                0.0,
                -1.5411282913310016,
                2038.0
            ],
            [
                0.0,
                0.0,
                1.0
            ]
        ],
        "A_ifc": [
            [
                65.67154814146986,
                0.0,
                10.0
            ],
            [
                0.0,
                -106.12939264268768,
                2038.0
            ],
            [
                0.0,
                0.0,
                1.0
            ]
        ],
        "W_pdfPix_to_ifcPix": [
            [
                1.0310528662839837,
                0.07280704160562793,
                -90.93701280804711
            ],
            [
                -0.1621296462434846,
                1.2112826153675846,
                -45.57531597568221
            ],
            [
                0.0,
                0.0,
                1.0
            ]
        ],
        "T_ifcLocal_to_pdfLocal": [
            [
                56.4366153854528,
                5.48210418884541,
                -29.828330211604708
            ],
            [
                -5.480105755071922,
                56.32041714001525,
                208.27955234584806
            ],
            [
                0.0,
                0.0,
                1.0
            ]
        ],
        "T_ifcWorld_to_pdfPage": [
            [
                56.4366153854528,
                5.48210418884541,
                41968.05996010365
            ],
            [
                -5.480105755071922,
                56.32041714001525,
                -8505.5815099356
            ],
            [
                0.0,
                0.0,
                1.0
            ]
        ],
        "T_pdfPage_to_ifcWorld": [
            [
                0.017553086815409118,
                -0.0017085784453388267,
                -751.2014531869432
            ],
            [
                0.0017079556040442802,
                0.017589301708578194,
                77.92765618543596
            ],
            [
                0.0,
                0.0,
                1.0
            ]
        ],
        "pdf_meta": {
            "method": "vector",
            "page_width_pt": 2383.92,
            "page_height_pt": 1683.839,
            "bbox": [
                0.0,
                0.0,
                1813.92,
                1315.9189999999999
            ],
            "shift": [
                21.839,
                205.44000000000005
            ],
            "coord_system": {
                "units": "pt",
                "y_axis": "up"
            }
        },
        "ifc_meta": {
            "bbox": [
                0.0,
                0.0,
                30.880953128001124,
                19.108749701675876
            ],
            "shift": [
                -752.0485629032977,
                85.19104879307753
            ],
            "unit_name": "mm",
            "unit_scale_to_m": 0.001
        }
    }
]