[
    {
        "timestamp": "2026-02-27T10:56:05.422934",
        "pdf_path": "/home/chidepnek/RoboAI/BIM/BIM2/backend/src/reg_3_opencv/test_2floor/S\u00c3_HK\u00c3_TASO 2.KRS.pdf",
        "ifc_path": "/home/chidepnek/RoboAI/BIM/BIM2/backend/src/reg_3_opencv/test_2floor/Asikainen.ifc",
        "ecc_affine_score": 0.01701516100906913,
        "ecc_affine_warp": [
            [
                1.0056049823760986,
                0.009978698566555977,
                -5.082852363586426
            ],
            [
                0.017791304737329483,
                0.9946973323822021,
                -16.180465698242188
            ]
        ],
        "ecc_euclidean_score": 0.017968732980653556,
        "ecc_euclidean_warp": [
            [
                1.0,
                1.1719460417225491e-05,
                -0.008672758005559444
            ],
            [
                -1.1719460417225491e-05,
                1.0,
                0.014615321531891823
            ]
        ],
        "metrics": {
            "type": "ifc_to_pdf_trimmed_chamfer",
            "trim_q": 90.0,
            "mean_px": 16.372140884399414,
            "median_px": 12.990799903869629,
            "p90_px": 38.34041213989258,
            "within_2px": 0.22450602587074445,
            "within_5px": 0.3109398394737488,
            "n_points": 226239,
            "n_used": 203705,
            "cutoff_px": 55.38999938964844
        },
        "A_pdf": [
            [
                2.0348837209302326,
                0.0,
                100.0
            ],
            [
                0.0,
                -2.989130434782609,
                1948.0000000000002
            ],
            [
                0.0,
                0.0,
                1.0
            ]
        ],
        "A_ifc": [
            [
                109.34919829036585,
                0.0,
                100.0
            ],
            [
                0.0,
                -112.32435053238652,
                1948.0
            ],
            [
                0.0,
                0.0,
                1.0
            ]
        ],
        "W_pix": [
            [
                1.0,
                1.1719460417225491e-05,
                -0.008672758005559444
            ],
            [
                -1.1719460417225491e-05,
                1.0,
                0.014615321531891823
            ],
            [
                0.0,
                0.0,
                1.0
            ]
        ],
        "T_pdf_to_ifc": [
            [
                0.018609041060610274,
                -3.203589633948436e-07,
                0.000129463691627739
            ],
            [
                2.1231139203624737e-07,
                0.02661159775787665,
                -0.0001196835363503394
            ],
            [
                0.0,
                0.0,
                1.0
            ]
        ],
        "T_ifc_to_pdf": [
            [
                53.737320295313474,
                0.000646907126060398,
                -0.006956954439480967
            ],
            [
                -0.0004287245501002952,
                37.577600900219096,
                0.004497475667562867
            ],
            [
                0.0,
                0.0,
                1.0
            ]
        ]
    },
    {
        "timestamp": "2026-02-27T12:27:05.475038",
        "pdf_path": "/home/chidepnek/RoboAI/BIM/BIM2/backend/src/reg_3_opencv/test_2floor/S\u00c3_HK\u00c3_TASO 1.KRS.pdf",
        "ifc_path": "/home/chidepnek/RoboAI/BIM/BIM2/backend/src/reg_3_opencv/test_2floor/Asikainen.ifc",
        "ecc_affine_score": 0.015122250262703085,
        "ecc_affine_warp": [
            [
                0.9756500124931335,
                -0.010142378509044647,
                27.146610260009766
            ],
            [
                -0.014869660139083862,
                1.0365289449691772,
                -18.90669059753418
            ]
        ],
        "ecc_euclidean_score": 0.019108035256530386,
        "ecc_euclidean_warp": [
            [
                1.0,
                -1.5046043699840084e-05,
                0.031361617147922516
            ],
            [
                1.5046043699840084e-05,
                1.0,
                -0.011515770107507706
            ]
        ],
        "metrics": {
            "type": "ifc_to_pdf_trimmed_chamfer",
            "trim_q": 90.0,
            "mean_px": 35.300018310546875,
            "median_px": 24.829999923706055,
            "p90_px": 88.81510925292969,
            "within_2px": 0.1902068227656852,
            "within_5px": 0.254877793119402,
            "n_points": 307059,
            "n_used": 276662,
            "cutoff_px": 122.24017333984375
        },
        "A_pdf": [
            [
                0.778222482490963,
                0.0,
                20.0
            ],
            [
                0.0,
                -1.0449195729359586,
                2027.9999999999998
            ],
            [
                0.0,
                0.0,
                1.0
            ]
        ],
        "A_ifc": [
            [
                118.81666134580877,
                0.0,
                20.0
            ],
            [
                0.0,
                -122.04940252653255,
                2028.0
            ],
            [
                0.0,
                0.0,
                1.0
            ]
        ],
        "W_pix": [
            [
                1.0,
                -1.5046043699840084e-05,
                0.031361617147922516
            ],
            [
                1.5046043699840084e-05,
                1.0,
                -0.011515770107507706
            ],
            [
                0.0,
                0.0,
                1.0
            ]
        ],
        "T_pdf_to_ifc": [
            [
                0.006549775710546127,
                1.3232071478136397e-07,
                7.1390705229384096e-06
            ],
            [
                -9.593795002160367e-08,
                0.008561447670412,
                9.188778479658561e-05
            ],
            [
                0.0,
                0.0,
                1.0
            ]
        ],
        "T_ifc_to_pdf": [
            [
                152.67698375739275,
                -0.0023596859315346036,
                -0.0010897549279604846
            ],
            [
                0.0017108691661793527,
                116.80267616767362,
                -0.010732751385376105
            ],
            [
                0.0,
                0.0,
                1.0
            ]
        ]
    }
]