[
    {
        "timestamp": "2026-02-26T14:16:26.021637",
        "pdf_path": "/home/chidepnek/RoboAI/BIM/BIM2/backend/src/reg_3_opencv/test_2floor/S\u00c3_HK\u00c3_TASO 2.KRS.pdf",
        "ifc_path": "/home/chidepnek/RoboAI/BIM/BIM2/backend/src/reg_3_opencv/test_2floor/Asikainen.ifc",
        "ecc_affine_score": 0.03883598630175222,
        "ecc_affine_warp": [
            [
                0.9914546012878418,
                -0.008682513609528542,
                17.072975158691406
            ],
            [
                -0.0029552916530519724,
                0.9980244040489197,
                -5.208374977111816
            ]
        ],
        "ecc_euclidean_score": 0.03908750484281232,
        "ecc_euclidean_warp": [
            [
                1.0,
                -4.153543159191031e-06,
                0.009125743061304092
            ],
            [
                4.153543159191031e-06,
                1.0,
                -0.012212248519062996
            ]
        ],
        "metrics": {
            "type": "ifc_to_pdf_trimmed_chamfer",
            "trim_q": 90.0,
            "mean_px": 95.15776824951172,
            "median_px": 48.487308502197266,
            "p90_px": 253.07542419433594,
            "within_2px": 0.13495358739057997,
            "within_5px": 0.18311162827598973,
            "n_points": 252087,
            "n_used": 226878,
            "cutoff_px": 361.61956787109375
        },
        "A_pdf": [
            [
                1.2487069602482637,
                0.0,
                10.0
            ],
            [
                0.0,
                -1.5411282913310016,
                2038.0
            ],
            [
                0.0,
                0.0,
                1.0
            ]
        ],
        "A_ifc": [
            [
                120.00009422773914,
                0.0,
                10.0
            ],
            [
                0.0,
                -123.26503402580079,
                2037.9999999999998
            ],
            [
                0.0,
                0.0,
                1.0
            ]
        ],
        "W_pix": [
            [
                1.0,
                -4.153543159191031e-06,
                0.009125743061304092
            ],
            [
                4.153543159191031e-06,
                1.0,
                -0.012212248519062996
            ],
            [
                0.0,
                0.0,
                1.0
            ]
        ],
        "T_pdf_to_ifc": [
            [
                0.010405883164378495,
                5.33428153793396e-08,
                5.506846533147776e-06
            ],
            [
                -4.2076476054740694e-08,
                0.012502558438497862,
                9.873613538026913e-05
            ],
            [
                0.0,
                0.0,
                1.0
            ]
        ],
        "T_ifc_to_pdf": [
            [
                96.09948374261556,
                -0.0004100134420126003,
                -0.0005291646257425953
            ],
            [
                0.00032341601492685536,
                79.98362934289908,
                -0.00789727623600811
            ],
            [
                0.0,
                0.0,
                1.0
            ]
        ]
    },
    {
        "timestamp": "2026-02-26T14:45:33.570273",
        "pdf_path": "/home/chidepnek/RoboAI/BIM/BIM2/backend/src/reg_3_opencv/test_2floor/S\u00c3_HK\u00c3_TASO 2.KRS.pdf",
        "ifc_path": "/home/chidepnek/RoboAI/BIM/BIM2/backend/src/reg_3_opencv/test_2floor/Asikainen.ifc",
        "ecc_affine_score": 0.04735435266077947,
        "ecc_affine_warp": [
            [
                0.9911527633666992,
                -0.007413732819259167,
                17.293262481689453
            ],
            [
                -0.011586648412048817,
                1.0162700414657593,
                4.008621692657471
            ]
        ],
        "ecc_euclidean_score": 0.04819051098167456,
        "ecc_euclidean_warp": [
            [
                0.9999997615814209,
                0.0006813640939071774,
                -0.4072969853878021
            ],
            [
                -0.0006813640939071774,
                0.9999997615814209,
                0.6757688522338867
            ]
        ],
        "metrics": {
            "type": "ifc_to_pdf_trimmed_chamfer",
            "trim_q": 90.0,
            "mean_px": 96.4038314819336,
            "median_px": 26.739999771118164,
            "p90_px": 273.1838073730469,
            "within_2px": 0.19380477534966462,
            "within_5px": 0.2510893868424918,
            "n_points": 68081,
            "n_used": 61273,
            "cutoff_px": 382.57440185546875
        },
        "A_pdf": [
            [
                1.2487069602482637,
                0.0,
                10.0
            ],
            [
                0.0,
                -1.5411282913310016,
                2038.0
            ],
            [
                0.0,
                0.0,
                1.0
            ]
        ],
        "A_ifc": [
            [
                120.00009422773914,
                0.0,
                10.0
            ],
            [
                0.0,
                -123.26503402580079,
                2037.9999999999998
            ],
            [
                0.0,
                0.0,
                1.0
            ]
        ],
        "W_pix": [
            [
                0.9911575785088106,
                -0.006738395147152576,
                16.88455897939337
            ],
            [
                -0.012279095565544892,
                1.0162619044419032,
                4.700104539107447
            ],
            [
                0.0,
                0.0,
                1.0
            ]
        ],
        "T_pdf_to_ifc": [
            [
                0.010313869959450987,
                8.65393603753007e-05,
                0.025527358743326897
            ],
            [
                0.00012439044226475546,
                0.012705873849104021,
                -0.30599979251338855
            ],
            [
                0.0,
                0.0,
                1.0
            ]
        ],
        "T_ifc_to_pdf": [
            [
                96.96478183510683,
                -0.6604244854463472,
                -2.6773445268905434
            ],
            [
                -0.949284735533952,
                78.71022193128022,
                24.10954431164805
            ],
            [
                0.0,
                0.0,
                1.0
            ]
        ]
    },
    {
        "timestamp": "2026-02-26T14:49:05.668520",
        "pdf_path": "/home/chidepnek/RoboAI/BIM/BIM2/backend/src/reg_3_opencv/test_2floor/S\u00c3_HK\u00c3_TASO 2.KRS.pdf",
        "ifc_path": "/home/chidepnek/RoboAI/BIM/BIM2/backend/src/reg_3_opencv/test_2floor/Asikainen.ifc",
        "ecc_affine_score": 0.04735435266077947,
        "ecc_affine_warp": [
            [
                0.9911527633666992,
                -0.007413732819259167,
                17.293262481689453
            ],
            [
                -0.011586648412048817,
                1.0162700414657593,
                4.008621692657471
            ]
        ],
        "ecc_euclidean_score": 0.04819051098167456,
        "ecc_euclidean_warp": [
            [
                0.9999997615814209,
                0.0006813640939071774,
                -0.4072969853878021
            ],
            [
                -0.0006813640939071774,
                0.9999997615814209,
                0.6757688522338867
            ]
        ],
        "metrics": {
            "type": "ifc_to_pdf_trimmed_chamfer",
            "trim_q": 90.0,
            "mean_px": 96.4038314819336,
            "median_px": 26.739999771118164,
            "p90_px": 273.1838073730469,
            "within_2px": 0.19380477534966462,
            "within_5px": 0.2510893868424918,
            "n_points": 68081,
            "n_used": 61273,
            "cutoff_px": 382.57440185546875
        },
        "A_pdf": [
            [
                1.2487069602482637,
                0.0,
                10.0
            ],
            [
                0.0,
                -1.5411282913310016,
                2038.0
            ],
            [
                0.0,
                0.0,
                1.0
            ]
        ],
        "A_ifc": [
            [
                120.00009422773914,
                0.0,
                10.0
            ],
            [
                0.0,
                -123.26503402580079,
                2037.9999999999998
            ],
            [
                0.0,
                0.0,
                1.0
            ]
        ],
        "W_pix": [
            [
                0.9911575785088106,
                -0.006738395147152576,
                16.88455897939337
            ],
            [
                -0.012279095565544892,
                1.0162619044419032,
                4.700104539107447
            ],
            [
                0.0,
                0.0,
                1.0
            ]
        ],
        "T_pdf_to_ifc": [
            [
                0.010313869959450987,
                8.65393603753007e-05,
                0.025527358743326897
            ],
            [
                0.00012439044226475546,
                0.012705873849104021,
                -0.30599979251338855
            ],
            [
                0.0,
                0.0,
                1.0
            ]
        ],
        "T_ifc_to_pdf": [
            [
                96.96478183510683,
                -0.6604244854463472,
                -2.6773445268905434
            ],
            [
                -0.949284735533952,
                78.71022193128022,
                24.10954431164805
            ],
            [
                0.0,
                0.0,
                1.0
            ]
        ]
    }
]