[
    {
        "timestamp": "2026-02-26T13:44:01.385846",
        "pdf_path": "/home/chidepnek/RoboAI/BIM/BIM2/backend/src/reg_3_opencv/test_2floor/S\u00c3_HK\u00c3_TASO 2.KRS.pdf",
        "ifc_path": "/home/chidepnek/RoboAI/BIM/BIM2/backend/src/reg_3_opencv/test_2floor/Asikainen.ifc",
        "ecc_affine_score": 0.10631885834298045,
        "ecc_affine_warp": [
            [
                0.9855225682258606,
                0.013880569487810135,
                -6.3468241691589355
            ],
            [
                -0.032342664897441864,
                1.0677181482315063,
                -39.66863250732422
            ]
        ],
        "ecc_euclidean_score": 0.1117763734995824,
        "ecc_euclidean_warp": [
            [
                0.9999998807907104,
                0.00047692834050394595,
                -0.48019516468048096
            ],
            [
                -0.00047692834050394595,
                0.9999998807907104,
                0.6353762149810791
            ]
        ],
        "metrics": {
            "type": "ifc_to_pdf_trimmed_chamfer",
            "trim_q": 90.0,
            "mean_px": 31.399930953979492,
            "median_px": 17.190000534057617,
            "p90_px": 94.03234100341797,
            "within_2px": 0.18518050854909954,
            "within_5px": 0.26175374354279735,
            "n_points": 492775,
            "n_used": 443497,
            "cutoff_px": 139.83731079101562
        },
        "A_pdf": [
            [
                1.2487069602482637,
                0.0,
                10.0
            ],
            [
                0.0,
                -1.5411282913310016,
                2038.0
            ],
            [
                0.0,
                0.0,
                1.0
            ]
        ],
        "A_ifc": [
            [
                65.67154814146986,
                0.0,
                10.0
            ],
            [
                0.0,
                -106.12939264268768,
                2038.0
            ],
            [
                0.0,
                0.0,
                1.0
            ]
        ],
        "W_pix": [
            [
                0.9999998807907104,
                0.00047692834050394595,
                -0.48019516468048096
            ],
            [
                -0.00047692834050394595,
                0.9999998807907104,
                0.6353762149810791
            ],
            [
                0.0,
                0.0,
                1.0
            ]
        ],
        "T_pdf_to_ifc": [
            [
                0.01901442628854776,
                -1.1192179555518019e-05,
                0.007488533696727588
            ],
            [
                5.611487293929823e-06,
                0.014521218573282552,
                -0.005939579671074373
            ],
            [
                0.0,
                0.0,
                1.0
            ]
        ],
        "T_ifc_to_pdf": [
            [
                52.591635285974824,
                0.040534823043152486,
                -0.3935934731941124
            ],
            [
                -0.020323176852197686,
                68.86472836234593,
                0.40917973142973096
            ],
            [
                0.0,
                0.0,
                1.0
            ]
        ]
    },
    {
        "timestamp": "2026-02-26T13:58:54.063369",
        "pdf_path": "/home/chidepnek/RoboAI/BIM/BIM2/backend/src/reg_3_opencv/test_2floor/S\u00c3_HK\u00c3_TASO 2.KRS.pdf",
        "ifc_path": "/home/chidepnek/RoboAI/BIM/BIM2/backend/src/reg_3_opencv/test_2floor/Asikainen.ifc",
        "ecc_affine_score": 0.03883598630175222,
        "ecc_affine_warp": [
            [
                0.9914546012878418,
                -0.008682513609528542,
                17.072975158691406
            ],
            [
                -0.0029552916530519724,
                0.9980244040489197,
                -5.208374977111816
            ]
        ],
        "ecc_euclidean_score": 0.03908750484281232,
        "ecc_euclidean_warp": [
            [
                1.0,
                -4.153543159191031e-06,
                0.009125743061304092
            ],
            [
                4.153543159191031e-06,
                1.0,
                -0.012212248519062996
            ]
        ],
        "metrics": {
            "type": "ifc_to_pdf_trimmed_chamfer",
            "trim_q": 90.0,
            "mean_px": 95.15776824951172,
            "median_px": 48.487308502197266,
            "p90_px": 253.07542419433594,
            "within_2px": 0.13495358739057997,
            "within_5px": 0.18311162827598973,
            "n_points": 252087,
            "n_used": 226878,
            "cutoff_px": 361.61956787109375
        },
        "A_pdf": [
            [
                1.2487069602482637,
                0.0,
                10.0
            ],
            [
                0.0,
                -1.5411282913310016,
                2038.0
            ],
            [
                0.0,
                0.0,
                1.0
            ]
        ],
        "A_ifc": [
            [
                120.00009422773914,
                0.0,
                10.0
            ],
            [
                0.0,
                -123.26503402580079,
                2037.9999999999998
            ],
            [
                0.0,
                0.0,
                1.0
            ]
        ],
        "W_pix": [
            [
                1.0,
                -4.153543159191031e-06,
                0.009125743061304092
            ],
            [
                4.153543159191031e-06,
                1.0,
                -0.012212248519062996
            ],
            [
                0.0,
                0.0,
                1.0
            ]
        ],
        "T_pdf_to_ifc": [
            [
                0.010405883164378495,
                5.33428153793396e-08,
                5.506846533147776e-06
            ],
            [
                -4.2076476054740694e-08,
                0.012502558438497862,
                9.873613538026913e-05
            ],
            [
                0.0,
                0.0,
                1.0
            ]
        ],
        "T_ifc_to_pdf": [
            [
                96.09948374261556,
                -0.0004100134420126003,
                -0.0005291646257425953
            ],
            [
                0.00032341601492685536,
                79.98362934289908,
                -0.00789727623600811
            ],
            [
                0.0,
                0.0,
                1.0
            ]
        ]
    },
    {
        "timestamp": "2026-02-26T14:06:45.277604",
        "pdf_path": "/home/chidepnek/RoboAI/BIM/BIM2/backend/src/reg_3_opencv/test_2floor/S\u00c3_HK\u00c3_TASO 1.KRS.pdf",
        "ifc_path": "/home/chidepnek/RoboAI/BIM/BIM2/backend/src/reg_3_opencv/test_2floor/Asikainen.ifc",
        "ecc_affine_score": 0.47338818455995085,
        "ecc_affine_warp": [
            [
                1.0310531854629517,
                0.07280252128839493,
                -90.92985534667969
            ],
            [
                -0.16212433576583862,
                1.2112833261489868,
                -45.58612823486328
            ]
        ],
        "ecc_euclidean_score": 0.4827691087942689,
        "ecc_euclidean_warp": [
            [
                1.0,
                4.384174644656014e-06,
                -0.007501284126192331
            ],
            [
                -4.384174644656014e-06,
                1.0,
                0.007922274060547352
            ]
        ],
        "metrics": {
            "type": "ifc_to_pdf_trimmed_chamfer",
            "trim_q": 90.0,
            "mean_px": 2.0514845848083496,
            "median_px": 0.0,
            "p90_px": 7.387199878692627,
            "within_2px": 0.7581814037461694,
            "within_5px": 0.8538219683127766,
            "n_points": 307026,
            "n_used": 276389,
            "cutoff_px": 17.76580047607422
        },
        "A_pdf": [
            [
                1.118020640381053,
                0.0,
                10.0
            ],
            [
                0.0,
                -1.5411282913310016,
                2038.0
            ],
            [
                0.0,
                0.0,
                1.0
            ]
        ],
        "A_ifc": [
            [
                65.67154814146986,
                0.0,
                10.0
            ],
            [
                0.0,
                -106.12939264268768,
                2038.0
            ],
            [
                0.0,
                0.0,
                1.0
            ]
        ],
        "W_pix": [
            [
                1.0,
                4.384174644656014e-06,
                -0.007501284126192331
            ],
            [
                -4.384174644656014e-06,
                1.0,
                0.007922274060547352
            ],
            [
                0.0,
                0.0,
                1.0
            ]
        ],
        "T_pdf_to_ifc": [
            [
                0.017024429483109026,
                -1.0288436576004555e-07,
                2.1830820807324994e-05
            ],
            [
                4.6185110662634267e-08,
                0.01452122030434691,
                -7.423421653525456e-05
            ],
            [
                0.0,
                0.0,
                1.0
            ]
        ],
        "T_ifc_to_pdf": [
            [
                58.739119626472075,
                0.0004161728106462207,
                -0.0012822923006829967
            ],
            [
                -0.00018682126455737535,
                68.86473581572413,
                0.005112123788649114
            ],
            [
                0.0,
                0.0,
                1.0
            ]
        ]
    }
]